125
189
192
332
853
939
961
984
974
933
792
642
571
552
472
220
283
324
468
395
190
0
3
218
312
341
408
491
551
680
963
989
1045
1233
1262
1277
1292
1279
614
762
129
254
277
77
142
2
0
32
133
145
279
441
408
334
335
501
367
282
300
160
34
274
377
400
394
180
0
15
35
52
240
354
481
416
248
215
182
62
665
656
921
750
869
842
1114
1148
1234
1218
1344
1327
1445
1527
1799
1787
1757
1653
1621
1645
1582
1792
1557
1673
1652
1654
1772
1808
1917
1866
1668
1421
1380
1248
1224
1119
1074
1024
881
823
677
582
550
554
702
1737
1780
1829
2061
2028
2083
2120
2117
2097
1982
1966
1892
1854
1587
1531
1491
1450
1440
1330
1141
1139
959
950
559
509
479
378
578
637
810
854
782
683
633
564
492
516
867
815
1015
1080
1396
1506
1458
1367
1201
1106
1072
1064
1095
1309
1275
1682
1694
1693
2216
2011
2182
2174
2167
2063
2026
1972
1966
1851
1800
1765
1683
1671
1569
1411
1386
2010
2051
2042
2062
2039
3263
3349
3209
3101
3251
3308
3281
3317
3287
3337
3364
3354
3298
3257
3209
3195
3296
3205
3222
3213
3092
3109
3474
3481
3401
3475
3553
3639
3474
3394
3531
3313
3218
3149
3314
3224
3301
3200
3304
3523
3507
3377
2613
2400
2314
2523
2526
2554
2551
2528
2580
2641
2484
2376
2384
2592
2469
2367
2250
2369
2468
2318
2259
2101
2065
2009
1777
1709
1647
1644
1632
1532
1499
1390
1389
1174
1092
801
707
961
940
1808
1850
1445
1398
1397
1331
1254
1216
980
767
721
699
607
587
544
480
416
239
93
158
342
595
597
614
421
331
519
540
294
208
0
29
99
92
81
19
81
141
78
141
139
227
430
691
820
1082
1061
1140
1237
1246
953
664
596
755
775
859
1074
992
933
652
621
840
837
831
1773
1571
1789
1747
1727
1702
1364
1172
1155
1174
1293
1314
1524
1576
1850
1888
2243
2149
2157
2421
2164
2148
2211
2099
2080
2148
2484
2301
2351
2366
2456
2591
2613
2454
2505
2637
2289
2326
2489
2358
2211
2374
2695
2671
2551
2536
2452
2154
2100
2052
1836
1736
1565
1538
1354
1211
1067
1802
1810
2007
1958
1837
1753
1738
1672
1638
1815
2368
2312
2397
2414
2412
2515
2562
2666
2795
2830
3097
3264
3133
3211
3190
3152
3320
3259
3239
3157
2876
2613
2570
2567
2520
2503
2465
2338
2190
2478
2534
2410
2642
2649
2855
2861
2776
2694
2603
2509
2540
2259
2123
2065
2055
1958
1892
1824
1757
1457
1308
1041
1036
1023
873
857
782
757
701
595
617
605
757
769
951
1043
1168
1441
1387
1887
1907
2063
2129
2865
3212
3214
3044
3080
3030
2875
2946
3185
3242
3324
3212
3358
3283
3221
3172
3091
3075
3056
3047
3013
3005
2749
2593
2551
2381
2262
1967
1914
1852
1761
1635
1567
1748
1678
1757
1766
1735
1822
1821
1695
1843
1794
1930
1874
2086
2012
2068
1868
2029
1980
1931
1928
1993
2031
2203
2127
2030
1957
1949
1945
1850
1692
1681
2072
2471
2792
2952
2904
2826
3205
3163
3004
2992
2942
2882
2813
2653
2613
2930
3140
3532
3452
3576
3656
3726
3832
3899
3940
4004
4223
4267
4402
4380
4349
4544
4684
4679
4525
4754
4776
4676
4314
4329
4357
4404
4301
4223
4276
4354
4450
4776
4639
4834
4799
4765
4877
4919
4797
5213
5242
5212
5076
4980
5305
6008
5835
5775
5838
5806
5859
5739
5790
5963
5988
5984
5986
5839
5353
5440
5523
5728
5711
5520
5297
5355
5116
5396
5066
5073
5100
5115
4995
5243
5057
5124
5123
5146
5154
5131
5201
5273
5345
5247
5075
5071
5305
5295
5398
5203
5201
5257
5476
5355
5286
5576
5593
5602
5570
5559
6234
6139
6198
6605
6754
7244
7005
6944
6945
6900
6852
6891
6658
6646
6657
6686
6763
6947
6878
6870
6797
6836
6562
6510
6288
6261
6006
5991
5851
5809
5791
5578
5541
5422
5400
5677
5624
5323
5316
5223
5189
4790
4704
4634
4578
4516
4487
4480
4468
4467
4447
4214
4132
4194
4174
4623
4996
4960
5174
5078
5033
4934
4803
4778
4773
4657
4387
4360
4226
4178
4147
3948
3837
3767
3881
3912
3821
3795
3998
3982
3846
3915
3749
3650
3410
3330
3131
3088
2957
2788
2767
2699
2630
2628
2618
2669
2637
2668
2749
2633
2460
2476
2533
2831
2875
2857
2986
3086
2965
2941
3020
3518
3665
3452
3502
3451
3401
3398
3373
3194
2880
2751
2750
2605
2515
2356
2273
2067
1873
1650
1649
1447
1121
1076
1011
851
792
839
1026
1041
1241
1361
1321
1227
1175
1168
1156
1106
1077
748
579
622
772
734
750
803
1054
1058
910
836
715
566
528
510
405
149
192
636
670
731
824
644
600
550
517
394
341
278
159
138
76
54
0
29
30
181
237
432
486
578
686
623
522
378
66
97
307
332
489
708
561
427
129
261
288
117
72
96
119
22
0
9
87
103
163
201
258
471
659
441
393
401
411
436
499
515
524
628
629
674
691
716
997
1053
1224
1206
1145
1069
1043
529
477
429
437
579
627
618
382
273
27
158
262
334
367
359
158
174
284
341
189
245
219
108
509
546
267
354
367
321
415
484
736
871
818
740
669
679
698
757
813
949
961
981
1065
1139
1273
1322
1082
1123
1148
658
674
707
819
826
844
1390
1445
1461
1468
1618
1668
1575
1544
1652
1631
1534
1338
1251
1055
1297
1276
1288
1456
1590
1600
1810
1824
1790
1760
1592
1567
1269
1459
1431
659
626
621
627
540
381
394
123
106
63
15
