0
0
0
0
0
0
0
0
0
0
0
0
0
0
0
0
0
0
0
0
0
0
0
0
0
0
0
0
0
0
0
0
0
0
0
0
0
0
0
0
0
0
0
0
0
0
0
0
0
0
0
0
0
0
0
0
0
0
0
0
0
0
0
0
1147068
0
0
0
0
0
0
0
0
0
0
0
0
0
0
0
0
0
0
0
0
0
0
0
0
0
0
0
0
0
0
0
0
0
0
0
0
0
0
0
0
0
0
0
0
0
0
0
0
0
0
0
0
0
0
0
0
0
0
0
0
0
0
0
0
0
0
0
0
148520
0
0
0
0
0
0
0
0
0
0
0
0
0
0
0
0
0
0
0
0
0
0
0
0
0
0
0
0
0
0
0
0
0
0
0
0
0
0
0
0
0
0
0
0
0
0
0
0
0
0
0
0
0
0
1079922
0
0
0
0
185668
0
123892
0
0
0
0
0
0
0
0
0
0
0
0
0
0
0
0
0
0
0
0
0
0
0
0
0
0
0
0
0
0
0
0
0
0
0
0
0
0
0
0
0
0
0
0
0
0
0
0
0
0
0
0
0
0
0
0
0
0
393105
0
0
0
0
0
0
0
0
0
1590452
0
0
0
0
0
0
0
0
0
0
0
0
121902
0
0
0
0
0
0
557622
0
0
0
0
0
0
0
0
0
0
0
0
0
0
0
0
0
0
0
0
0
0
0
0
0
0
0
0
0
0
0
0
0
0
0
0
0
0
0
0
0
0
0
0
0
0
0
0
0
0
0
0
0
0
0
0
0
0
0
0
0
0
0
0
1358490
0
0
0
0
0
0
0
0
0
0
0
0
0
0
0
0
0
0
0
0
0
0
0
0
0
0
0
0
0
0
0
0
0
0
0
0
0
991045
0
0
0
0
0
0
0
0
0
0
0
22179
0
0
0
0
0
0
0
0
0
0
0
126136
0
0
0
0
0
0
0
0
0
0
0
0
0
0
0
0
0
0
598176
0
0
0
0
0
0
0
0
0
0
0
0
0
0
0
0
0
0
0
0
0
0
0
0
0
0
0
0
0
0
0
0
0
0
0
0
0
0
0
0
1203855
418122
0
0
0
0
471435
0
0
0
0
0
0
0
0
0
0
0
0
0
0
0
0
0
0
0
0
136458
0
0
0
0
0
0
0
0
0
0
0
0
0
0
0
0
0
88392
0
0
0
0
0
0
0
0
0
0
0
0
0
0
0
0
0
0
0
0
0
588710
0
0
0
0
0
0
0
0
0
0
0
0
0
0
0
0
0
0
862444
0
0
0
0
0
0
0
0
0
0
0
0
0
0
0
0
0
0
0
179085
0
0
0
0
0
0
0
0
0
0
0
0
0
0
0
0
0
0
0
0
0
0
0
0
0
0
0
0
0
0
0
0
0
0
0
0
0
0
0
0
0
0
0
0
0
0
0
101313
0
0
0
0
0
0
0
0
110512
0
0
0
0
0
0
0
0
0
0
0
0
0
0
0
0
0
0
0
0
0
0
0
0
0
0
0
0
0
933102
0
0
0
0
0
0
0
0
0
0
0
0
0
0
0
0
0
0
0
0
0
0
0
0
0
0
0
0
0
0
0
0
0
0
0
0
0
0
0
0
0
0
0
0
0
0
0
0
0
0
0
0
0
1135296
0
0
0
0
0
0
0
0
0
0
0
0
0
0
0
0
0
0
0
0
0
0
0
0
0
0
0
0
0
0
0
0
0
0
0
0
0
0
0
0
0
0
0
0
0
442200
0
0
0
0
0
0
0
0
0
69498
0
0
0
0
0
0
0
0
282016
0
0
0
0
0
0
0
0
0
0
0
0
0
0
0
0
0
0
0
0
0
189600
0
0
0
0
0
116484
0
0
0
221388
0
0
0
0
0
0
0
0
0
0
0
0
0
0
0
0
0
0
0
0
0
0
0
0
0
0
0
0
0
0
0
0
0
0
0
0
0
0
0
0
0
0
0
0
0
0
0
0
0
0
0
0
0
0
0
0
0
0
0
0
0
0
0
0
0
0
0
0
0
0
0
0
0
0
0
1386784
0
0
0
0
0
0
0
0
0
0
0
0
0
0
0
0
0
0
0
0
0
0
0
0
0
0
679238
656903
0
973236
0
0
0
0
0
0
684968
0
0
0
0
0
0
0
0
0
0
0
0
0
847850
0
0
0
0
0
0
0
0
0
0
312584
0
0
0
0
0
0
0
0
358890
0
0
0
0
0
0
0
0
0
0
0
258400
0
0
0
0
0
0
0
0
0
0
0
0
0
1417320
0
0
0
0
170849
0
0
0
0
0
0
